1.0	0.47054867999999317
1.009009009009009	0.4468963094556102
1.018018018018018	0.42401553874222486
1.027027027027027	0.4018831756178969
1.0360360360360361	0.38047660689150575
1.045045045045045	0.3597737898957405
1.054054054054054	0.33975324395997575
1.063063063063063	0.32039404188356
1.072072072072072	0.30167580140864914
1.0810810810810811	0.2835786766931534
1.09009009009009	0.2660833497841111
1.0990990990990992	0.24917102209030872
1.1081081081081081	0.2328234058555836
1.117117117117117	0.21702271563184183
1.1261261261261262	0.20175165975182097
1.135135135135135	0.1869934318024491
1.1441441441441442	0.17273170209769262
1.1531531531531531	0.15895060915158865
1.162162162162162	0.1456347511513485
1.1711711711711712	0.13276917743031902
1.1801801801801801	0.12033937994100086
1.1891891891891893	0.1083312847281519
1.1981981981981982	0.09673124340170602
1.2072072072072073	0.085526024609905
1.2162162162162162	0.07470280551231667
1.2252252252252251	0.06424916325279639
1.2342342342342343	0.054153066432434116
1.2432432432432432	0.04440286658287107
1.2522522522522523	0.03498728963907638
1.2612612612612613	0.0258954274123937
1.2702702702702702	0.01711672906368733
1.2792792792792793	0.008640992576303574
1.2882882882882882	0.00045835622904633055
1.2972972972972974	-0.007440709930733647
1.3063063063063063	-0.015065412614063689
1.3153153153153154	-0.022424643817416268
1.3243243243243243	-0.02952698934967657
1.3333333333333333	-0.03638073735903902
1.3423423423423424	-0.042993886860074326
1.3513513513513513	-0.04937415626062602
1.3603603603603605	-0.05552899188876381
1.3693693693693694	-0.06146557651986484
1.3783783783783783	-0.06719083790356706
1.3873873873873874	-0.07271145729058048
1.3963963963963963	-0.07803387795986794
1.4054054054054055	-0.08316431374551314
1.4144144144144144	-0.08810875756370251
1.4234234234234233	-0.09287298993972115
1.4324324324324325	-0.09746258753484938
1.4414414414414414	-0.1018829316734724
1.4504504504504505	-0.10613921686992
1.4594594594594594	-0.11023645935556203
1.4684684684684686	-0.11417950560564805
1.4774774774774775	-0.1179730408663886
1.4864864864864864	-0.12162159768185177
1.4954954954954955	-0.12512956442103018
1.5045045045045045	-0.12850119380469494
1.5135135135135136	-0.13174061143197946
1.5225225225225225	-0.13485182404139096
1.5315315315315314	-0.13783872534266095
1.5405405405405406	-0.14070509887682192
1.5495495495495495	-0.14345462034323475
1.5585585585585586	-0.14609085992206872
1.5675675675675675	-0.14861728459716517
1.5765765765765767	-0.15103726047830435
1.5855855855855856	-0.15335405512419698
1.5945945945945945	-0.15557083986485054
1.6036036036036037	-0.15769069212421982
1.6126126126126126	-0.15971659774294267
1.6216216216216217	-0.16165145330077735
1.6306306306306306	-0.16349806843375347
1.6396396396396395	-0.16525916806362773
1.6486486486486487	-0.16693739446964173
1.6576576576576576	-0.16853530931659577
1.6666666666666667	-0.170055395682013
1.6756756756756757	-0.1715000600832326
1.6846846846846846	-0.172871634504574
1.6936936936936937	-0.17417237842458633
1.7027027027027026	-0.17540448084299953
1.7117117117117118	-0.1765700623202946
1.7207207207207207	-0.17767117715607128
1.7297297297297298	-0.17870981576835732
1.7387387387387387	-0.17968790711671545
1.7477477477477477	-0.18060732112530786
1.7567567567567568	-0.18146987110516477
1.7657657657657657	-0.1822773160711364
1.7747747747747749	-0.18303136262458963
1.7837837837837838	-0.18373366656145151
1.7927927927927927	-0.18438583445899326
1.8018018018018018	-0.18498942526271378
1.8108108108108107	-0.1855459518681073
1.8198198198198199	-0.18605688262722708
1.8288288288288288	-0.18652364272527677
1.837837837837838	-0.18694761552212924
1.8468468468468469	-0.18733014389349023
1.8558558558558558	-0.1876725315712804
1.864864864864865	-0.1879760444438432
1.8738738738738738	-0.18824191164817705
1.882882882882883	-0.18847132650408582
1.8918918918918919	-0.18866544743303848
1.9009009009009008	-0.18882539887684402
1.90990990990991	-0.1889522722196375
1.9189189189189189	-0.1890471267743976
1.927927927927928	-0.18911099090526307
1.936936936936937	-0.1891448631934054
1.945945945945946	-0.18914971360443644
1.954954954954955	-0.18912648465568793
1.9639639639639639	-0.1890760925833348
1.972972972972973	-0.1889994284625658
1.981981981981982	-0.18889735894505577
1.990990990990991	-0.18877072656883342
2.0	-0.18862034999997945
2.009009009009009	-0.18844702427344373
2.018018018018018	-0.18825152103401877
2.027027027027027	-0.1880345887772279
2.036036036036036	-0.18779695309125088
2.045045045045045	-0.18753931697017379
2.054054054054054	-0.18726236147919906
2.063063063063063	-0.18696674667734214
2.0720720720720722	-0.1866531125642581
2.081081081081081	-0.18632208002746609
2.09009009009009	-0.18597425178910498
2.099099099099099	-0.18561021335314365
2.108108108108108	-0.18523053395230704
2.1171171171171173	-0.1848357674928991
2.126126126126126	-0.18442645338916464
2.135135135135135	-0.18400311697226357
2.144144144144144	-0.18356626965022826
2.1531531531531534	-0.18311640905075421
2.1621621621621623	-0.18265401916356439
2.171171171171171	-0.18217957048339883
2.18018018018018	-0.18169352015229379
2.189189189189189	-0.18119631210240073
2.1981981981981984	-0.1806883771985781
2.2072072072072073	-0.18017013338183574
2.2162162162162162	-0.17964198585008262
2.225225225225225	-0.17910432738112547
2.234234234234234	-0.17855753873652702
2.2432432432432434	-0.1780019890712765
2.2522522522522523	-0.17743803634351707
2.2612612612612613	-0.17686602772407412
2.27027027027027	-0.17628630000612588
2.279279279279279	-0.1756991800148171
2.2882882882882885	-0.1751049850169153
2.2972972972972974	-0.1745040231304955
2.3063063063063063	-0.17389659373405664
2.315315315315315	-0.17328298784822493
2.324324324324324	-0.1726634883895315
2.3333333333333335	-0.17203837033551395
2.3423423423423424	-0.17140790088232905
2.3513513513513513	-0.1707723396021521
2.3603603603603602	-0.1701319386007043
2.369369369369369	-0.16948694267468056
2.3783783783783785	-0.16883758946922
2.3873873873873874	-0.1681841096354333
2.3963963963963963	-0.1675267269877878
2.4054054054054053	-0.16686565866163505
2.4144144144144146	-0.16620111527201686
2.4234234234234235	-0.16553330107960562
2.4324324324324325	-0.16486241416289715
2.4414414414414414	-0.1641886465909579
2.4504504504504503	-0.16351218459621464
2.4594594594594597	-0.16283320874717333
2.4684684684684686	-0.16215189412137931
2.4774774774774775	-0.1614684104780082
2.4864864864864864	-0.16078292243074088
2.4954954954954953	-0.16009558962055337
2.5045045045045047	-0.15940656688850652
2.5135135135135136	-0.15871600444394574
2.5225225225225225	-0.15802404800152203
2.5315315315315314	-0.15733083888652288
2.5405405405405403	-0.1566365141357835
2.5495495495495497	-0.155941206598726
2.5585585585585586	-0.15524504503825654
2.5675675675675675	-0.1545481542317333
2.5765765765765765	-0.15385065507177842
2.5855855855855854	-0.15315266466744504
2.5945945945945947	-0.15245429644491537
2.6036036036036037	-0.15175566024872467
2.6126126126126126	-0.1510568624416777
2.6216216216216215	-0.15035800599800098
2.630630630630631	-0.14965919058820987
2.6396396396396398	-0.14896051266214272
2.6486486486486487	-0.14826206553225063
2.6576576576576576	-0.14756393945675939
2.6666666666666665	-0.14686622172295927
2.675675675675676	-0.14616899673022488
2.684684684684685	-0.14547234607347548
2.6936936936936937	-0.14477634862610955
2.7027027027027026	-0.1440810806233941
2.7117117117117115	-0.143386615744987
2.720720720720721	-0.1426930251900984
2.72972972972973	-0.14200037774249097
2.7387387387387387	-0.14130873983273773
2.7477477477477477	-0.14061817560087775
2.7567567567567566	-0.13992874695867386
2.765765765765766	-0.13924051365229673
2.774774774774775	-0.1385535333246679
2.7837837837837838	-0.1378678615778881
2.7927927927927927	-0.13718355203579335
2.8018018018018016	-0.13650065640634068
2.810810810810811	-0.13581922454375217
2.81981981981982	-0.13513930450453415
2.828828828828829	-0.13446094259350616
2.8378378378378377	-0.13378418340671772
2.8468468468468466	-0.13310906987466353
2.855855855855856	-0.132435643305314
2.864864864864865	-0.13176394342710296
2.873873873873874	-0.13109400843212882
2.8828828828828827	-0.1304258750190428
2.891891891891892	-0.12975957843633523
2.900900900900901	-0.12909515252520976
2.90990990990991	-0.1284326297625995
2.918918918918919	-0.1277720413020944
2.9279279279279278	-0.12711341701054835
2.936936936936937	-0.12645678550320838
2.945945945945946	-0.1258021741788724
2.954954954954955	-0.1251496092551605
2.963963963963964	-0.12449911580344519
2.972972972972973	-0.12385071778426493
2.981981981981982	-0.12320443808218329
2.990990990990991	-0.12256029854125927
3.0	-0.12191832000000602
3.009009009009009	-0.12127852232639214
3.018018018018018	-0.12064092445145036
3.027027027027027	-0.12000554439802613
3.036036036036036	-0.11937239930807664
3.045045045045045	-0.11874150546985618
3.054054054054054	-0.1181128783450589
3.063063063063063	-0.11748653259593311
3.0720720720720722	-0.11686248211245243
3.081081081081081	-0.1162407400395864
3.09009009009009	-0.11562131880425852
3.099099099099099	-0.11500423014270211
3.108108108108108	-0.1143894851274041
3.1171171171171173	-0.11377709419073767
3.126126126126126	-0.11316706713785152
3.135135135135135	-0.11255941315462792
3.144144144144144	-0.11195414081502975
3.1531531531531534	-0.11135125808888802
3.1621621621621623	-0.11075077234933417
3.171171171171171	-0.11015269038038866
3.18018018018018	-0.10955701838460641
3.189189189189189	-0.10896376199055169
3.1981981981981984	-0.1083729262603157
3.2072072072072073	-0.10778451569740355
3.2162162162162162	-0.10719853425727877
3.225225225225225	-0.10661498537056957
3.234234234234234	-0.1060338719730396
3.2432432432432434	-0.10545519653602753
3.2522522522522523	-0.10487896109684414
3.2612612612612613	-0.1043051672894677
3.27027027027027	-0.10373381637479895
3.279279279279279	-0.10316490927122857
3.2882882882882885	-0.10259844658516215
3.2972972972972974	-0.10203442864136036
3.3063063063063063	-0.10147285551340701
3.315315315315315	-0.10091372704893331
3.324324324324324	-0.10035704287012948
3.3333333333333335	-0.09980280235755856
3.3423423423423424	-0.09925100463263448
3.3513513513513513	-0.09870164853954577
3.3603603603603602	-0.09815473262793262
3.369369369369369	-0.09761025513493848
3.3783783783783785	-0.09706821396758869
3.3873873873873874	-0.09652860668505525
3.3963963963963963	-0.09599143048090752
3.4054054054054053	-0.09545668216557601
3.4144144144144146	-0.0949243581546142
3.4234234234234235	-0.09439445449211803
3.4324324324324325	-0.0938669669029224
3.4414414414414414	-0.09334189084798084
3.4504504504504503	-0.09281922157994416
3.4594594594594597	-0.0922989541985686
3.4684684684684686	-0.09178108370628024
3.4774774774774775	-0.09126560506361159
3.4864864864864864	-0.09075251324462386
3.4954954954954953	-0.09024180329247145
3.5045045045045047	-0.08973347037482426
3.5135135135135136	-0.08922750983118988
3.5225225225225225	-0.08872391716225536
3.5315315315315314	-0.08822268796185995
3.5405405405405403	-0.0877238178402564
3.5495495495495497	-0.08722730234775611
3.5585585585585586	-0.08673313689823203
3.5675675675675675	-0.08624131669255064
3.5765765765765765	-0.0857518366421317
3.5855855855855854	-0.08526469129255076
3.5945945945945947	-0.08477987474674364
3.6036036036036037	-0.08429738058893577
3.6126126126126126	-0.08381720181574792
3.6216216216216215	-0.08333933083908107
3.630630630630631	-0.08286375957385417
3.6396396396396398	-0.08239047954131706
3.6486486486486487	-0.0819194819719371
3.6576576576576576	-0.08145075790858414
3.6666666666666665	-0.08098429830974396
3.675675675675676	-0.08052009415254702
3.684684684684685	-0.08005813653591076
3.6936936936936937	-0.07959841678379576
3.7027027027027026	-0.07914092654799276
3.7117117117117115	-0.07868565790626292
3.720720720720721	-0.07823260339657168
3.72972972972973	-0.07778175596165227
3.7387387387387387	-0.07733310887331868
3.7477477477477477	-0.0768866556567076
3.7567567567567566	-0.07644239001460562
3.765765765765766	-0.07600030575156325
3.774774774774775	-0.07556039669817949
3.7837837837837838	-0.07512265663532958
3.7927927927927927	-0.07468707921849216
3.8018018018018016	-0.07425365790177807
3.810810810810811	-0.07382238586490075
3.81981981981982	-0.07339325597662594
3.828828828828829	-0.07296626082279545
3.8378378378378377	-0.07254139275102034
3.8468468468468466	-0.07211864391599931
3.855855855855856	-0.07169800632466661
3.864864864864865	-0.07127947188155304
3.873873873873874	-0.0708630324338202
3.8828828828828827	-0.07044867981652203
3.891891891891892	-0.07003640589786642
3.900900900900901	-0.06962620262453356
3.90990990990991	-0.06921806206571546
3.918918918918919	-0.06881197644111126
3.9279279279279278	-0.06840793811345236
3.936936936936937	-0.06800593956990042
3.945945945945946	-0.06760597340299057
3.954954954954955	-0.06720803229181627
3.963963963963964	-0.06681210898287304
3.972972972972973	-0.06641819627124335
3.981981981981982	-0.06602628698151136
3.990990990990991	-0.06563637394884836
4.0	-0.06524844999999857
4.009009009009009	-0.06486250793454928
4.018018018018018	-0.06447854051249635
4.027027027027027	-0.0640965404574132
4.036036036036036	-0.0637165004661
4.045045045045045	-0.0633384132181476
4.054054054054054	-0.06296227138584243
4.063063063063063	-0.06258806764395786
4.072072072072072	-0.06221579467937488
4.081081081081081	-0.06184544520085922
4.09009009009009	-0.06147701194889521
4.099099099099099	-0.06111048770532079
4.108108108108108	-0.06074586530318982
4.117117117117117	-0.06038313763430381
4.126126126126126	-0.0600222976510878
4.135135135135135	-0.05966333836505555
4.1441441441441444	-0.059306252845701124
4.153153153153153	-0.05895103421894987
4.162162162162162	-0.058597675665808424
4.171171171171171	-0.058246170421014654
4.18018018018018	-0.05789651177146027
4.1891891891891895	-0.05754869305509658
4.198198198198198	-0.05720270765921498
4.207207207207207	-0.05685854901936693
4.216216216216216	-0.05651621061751655
4.225225225225225	-0.056175685979951595
4.2342342342342345	-0.05583696867455501
4.243243243243243	-0.05550005230813326
4.252252252252252	-0.05516493052370208
4.261261261261262	-0.0548315969979285
4.27027027027027	-0.05450004543828868
4.2792792792792795	-0.05417026958045312
4.288288288288288	-0.05384226318565766
4.297297297297297	-0.05351602003791811
4.306306306306307	-0.053191533941415514
4.315315315315315	-0.05286879871796657
4.324324324324325	-0.052547808204778335
4.333333333333333	-0.052228556252984504
4.342342342342342	-0.05191103672568431
4.351351351351352	-0.05159524349643618
4.36036036036036	-0.05128117044749558
4.36936936936937	-0.05096881146805288
4.378378378378378	-0.050658160452755396
4.387387387387387	-0.05034921129971792
4.396396396396397	-0.050041957909073176
4.405405405405405	-0.04973639418112441
4.414414414414415	-0.04943251401473958
4.423423423423423	-0.049130311305617624
4.4324324324324325	-0.04882977994461157
4.441441441441442	-0.04853091381600905
4.45045045045045	-0.04823370679584116
4.45945945945946	-0.047938152750276686
4.468468468468468	-0.04764424553371782
4.4774774774774775	-0.047351978987379084
4.486486486486487	-0.047061346937397275
4.495495495495495	-0.04677234319423462
4.504504504504505	-0.04648496155644466
4.513513513513513	-0.046199195817536065
4.5225225225225225	-0.04591503977292177
4.531531531531532	-0.04563248722683966
4.54054054054054	-0.045351531999685335
4.54954954954955	-0.04507216793464863
4.558558558558558	-0.0447943889050606
4.5675675675675675	-0.04451818882122893
4.576576576576577	-0.04424356163745813
4.585585585585585	-0.04397050135928282
4.594594594594595	-0.04369900205021793
4.603603603603603	-0.043429057838906715
4.612612612612613	-0.043160662926254645
4.621621621621622	-0.04289381159216532
4.63063063063063	-0.0426284982028875
4.63963963963964	-0.04236471721785051
4.648648648648648	-0.042102463196684425
4.657657657657658	-0.041841730806353894
4.666666666666667	-0.04158251482806463
4.675675675675675	-0.04132481016432621
4.684684684684685	-0.04106861184602906
4.693693693693693	-0.04081391503943621
4.702702702702703	-0.040560715053175045
4.711711711711712	-0.04030900734522902
4.7207207207207205	-0.04005878753008574
4.72972972972973	-0.03981005138565763
4.738738738738738	-0.039562794860401596
4.747747747747748	-0.039317014080054946
4.756756756756757	-0.03907270535148655
4.7657657657657655	-0.03882986515473874
4.774774774774775	-0.03858849012951282
4.783783783783784	-0.038348577061555034
4.792792792792793	-0.038110122868374674
4.801801801801802	-0.037873124585701134
4.8108108108108105	-0.03763757935352885
4.81981981981982	-0.037403484402176446
4.828828828828829	-0.037170837038544846
4.837837837837838	-0.03693963463210537
4.846846846846847	-0.03670987460118624
4.8558558558558556	-0.0364815543989323
4.864864864864865	-0.03625467149964834
4.873873873873874	-0.03602922338473036
4.882882882882883	-0.03580520752892369
4.891891891891892	-0.03558262138638213
4.900900900900901	-0.03536146237686921
4.90990990990991	-0.035141727871845774
4.918918918918919	-0.03492341518064279
4.927927927927928	-0.03470652153650633
4.936936936936937	-0.034491044082827216
4.945945945945946	-0.03427697985922862
4.954954954954955	-0.03406432578772467
4.963963963963964	-0.03385307865877962
4.972972972972973	-0.03364323511759437
4.981981981981982	-0.033434791649980866
4.990990990990991	-0.033227744568861795
5.0	-0.03302209000000289
5.009009009009009	-0.032817823868469986
5.018018018018018	-0.03261494188456027
5.027027027027027	-0.03241343953003195
5.036036036036036	-0.032213312044191866
5.045045045045045	-0.03201455441009671
5.054054054054054	-0.031817161340583766
5.063063063063063	-0.031621127264486404
5.072072072072072	-0.03142644631267899
5.081081081081081	-0.031233112304306587
5.09009009009009	-0.031041118733313056
5.099099099099099	-0.030850458761534583
5.108108108108108	-0.030661125225904584
5.117117117117117	-0.03047311064950975
5.126126126126126	-0.03028640725307241
5.135135135135135	-0.03010100696629081
5.1441441441441444	-0.02991690143909409
5.153153153153153	-0.029734082053153088
5.162162162162162	-0.029552539933121125
5.171171171171171	-0.029372265958016897
5.18018018018018	-0.02919325077260737
5.1891891891891895	-0.029015484798733837
5.198198198198198	-0.028838958246723223
5.207207207207207	-0.028663661126671514
5.216216216216216	-0.028489583259840856
5.225225225225225	-0.028316714289999823
5.2342342342342345	-0.028145043694806304
5.243243243243243	-0.027974560797119352
5.252252252252252	-0.027805254776453125
5.261261261261262	-0.027637114680203467
5.27027027027027	-0.02747012943505922
5.2792792792792795	-0.027304287858385123
5.288288288288288	-0.02713957866957628
5.297297297297297	-0.026975990501370006
5.306306306306307	-0.026813511911257137
5.315315315315315	-0.026652131392751244
5.324324324324325	-0.026491837386870998
5.333333333333333	-0.026332618293409382
5.342342342342342	-0.026174462482330796
5.351351351351352	-0.02601735830504026
5.36036036036036	-0.025861294105880006
5.36936936936937	-0.02570625823339867
5.378378378378378	-0.02555223905167736
5.387387387387387	-0.025399224951812016
5.396396396396397	-0.025247204363139986
5.405405405405405	-0.025096165764637135
5.414414414414415	-0.024946097696343372
5.423423423423423	-0.02479698877054659
5.4324324324324325	-0.02464882768343557
5.441441441441442	-0.024501603226056545
5.45045045045045	-0.024355304296094005
5.45945945945946	-0.024209919908869892
5.468468468468468	-0.024065439208925454
5.4774774774774775	-0.023921851481276235
5.486486486486487	-0.023779146162794973
5.495495495495495	-0.023637312853651338
5.504504504504505	-0.02349634132843903
5.513513513513513	-0.023356221546933398
5.5225225225225225	-0.023216943658667333
5.531531531531532	-0.023078498001709136
5.54054054054054	-0.02294087510057352
5.54954954954955	-0.022804065664331574
5.558558558558558	-0.022668060584422278
5.5675675675675675	-0.022532850932648785
5.576576576576577	-0.02239842795914626
5.585585585585585	-0.02226478309039237
5.594594594594595	-0.022131907927118277
5.603603603603603	-0.02199979424221965
5.612612612612613	-0.021868433978809776
5.621621621621622	-0.021737819248116352
5.63063063063063	-0.021607942327463547
5.63963963963964	-0.02147879565815458
5.648648648648648	-0.021350371843624316
5.657657657657658	-0.02122266364717973
5.666666666666667	-0.02109566399010987
5.675675675675675	-0.020969365949511598
5.684684684684685	-0.02084376275637112
5.693693693693693	-0.020718847793489203
5.702702702702703	-0.02059461459340639
5.711711711711712	-0.020471056836342427
5.7207207207207205	-0.020348168348263584
5.72972972972973	-0.0202259430987084
5.738738738738738	-0.020104375198840785
5.747747747747748	-0.01998345889937525
5.756756756756757	-0.019863188588502112
5.7657657657657655	-0.019743558789897975
5.774774774774775	-0.019624564160722002
5.783783783783784	-0.019506199489384812
5.792792792792793	-0.019388459693814752
5.801801801801802	-0.019271339819084687
5.8108108108108105	-0.019154835035649853
5.81981981981982	-0.019038940637031487
5.828828828828829	-0.018923652038125738
5.837837837837838	-0.01880896477281624
5.846846846846847	-0.018694874492155122
5.8558558558558556	-0.018581376962217178
5.864864864864865	-0.01846846806208191
5.873873873873874	-0.018356143781815604
5.882882882882883	-0.01824440022041074
5.891891891891892	-0.01813323358376806
5.900900900900901	-0.018022640182579153
5.90990990990991	-0.01791261643042219
5.918918918918919	-0.017803158841559252
5.927927927927928	-0.01769426402903207
5.936936936936937	-0.017585928702473552
5.945945945945946	-0.017478149666345644
5.954954954954955	-0.017370923817480843
5.963963963963964	-0.017264248143405325
5.972972972972973	-0.017158119720122045
5.981981981981982	-0.01705253571013543
5.990990990990991	-0.016947493360319754
6.0	-0.01684299000001488
6.009009009009009	-0.016739023038837786
6.018018018018018	-0.016635589964735686
6.027027027027027	-0.016532688341726498
6.036036036036036	-0.016430315807625107
6.045045045045045	-0.01632847007211069
6.054054054054054	-0.016227148914140344
6.063063063063063	-0.016126350179916926
6.072072072072072	-0.0160260717807148
6.081081081081081	-0.015926311690677153
6.09009009009009	-0.01582706794440014
6.099099099099099	-0.015728338634929173
6.108108108108108	-0.015630121911542005
6.117117117117117	-0.015532415977347114
6.126126126126126	-0.015435219087279961
6.135135135135135	-0.015338529545758206
6.1441441441441444	-0.01524234570446481
6.153153153153153	-0.015146665960287464
6.162162162162162	-0.015051488752888531
6.171171171171171	-0.014956812562658683
6.18018018018018	-0.014862635908443167
6.1891891891891895	-0.01476895734522543
6.198198198198198	-0.01467577546218024
6.207207207207207	-0.014583088880144146
6.216216216216216	-0.01449089624959754
6.225225225225225	-0.014399196248419344
6.2342342342342345	-0.0143079875796559
6.243243243243243	-0.014217268969247243
6.252252252252252	-0.014127039163966515
6.261261261261262	-0.01403729692901834
6.27027027027027	-0.01394804104593561
6.2792792792792795	-0.013859270310391025
6.288288288288288	-0.013770983529923342
6.297297297297297	-0.013683179521692068
6.306306306306307	-0.013595857110331622
6.315315315315315	-0.013509015125762858
6.324324324324325	-0.013422652400819857
6.333333333333333	-0.013336767769303037
6.342342342342342	-0.013251360063435413
6.351351351351352	-0.01316642811197255
6.36036036036036	-0.013081970737687243
6.36936936936937	-0.012997986755451052
6.378378378378378	-0.012914474969790035
6.387387387387387	-0.01283143417273891
6.396396396396397	-0.01274886314169521
6.405405405405405	-0.012666760637145558
6.414414414414415	-0.012585125400377706
6.423423423423423	-0.012503956151448392
6.4324324324324325	-0.012423251586852757
6.441441441441442	-0.012343010377222186
6.45045045045045	-0.012263231165320576
6.45945945945946	-0.01218391256368534
6.468468468468468	-0.012105053152453138
6.4774774774774775	-0.01202665147712878
6.486486486486487	-0.011948706046396751
6.495495495495495	-0.011871215329875895
6.504504504504505	-0.011794177755945157
6.513513513513513	-0.011717591709697217
6.5225225225225225	-0.011641455532526379
6.531531531531532	-0.011565767523109116
6.54054054054054	-0.011490525938725682
6.54954954954955	-0.011415728996482244
6.558558558558558	-0.01134137487457565
6.5675675675675675	-0.011267461713615035
6.576576576576577	-0.01119398761785817
6.585585585585585	-0.01112095065639096
6.594594594594595	-0.01104834886454853
6.603603603603603	-0.010976180245037881
6.612612612612613	-0.010904442769330558
6.621621621621622	-0.010833134378756881
6.63063063063063	-0.010762252985969667
6.63963963963964	-0.010691796476095305
6.648648648648648	-0.010621762707998528
6.657657657657658	-0.010552149515575593
6.666666666666667	-0.010482954708948
6.675675675675675	-0.010414176075911996
6.684684684684685	-0.010345811382975967
6.693693693693693	-0.010277858376767313
6.702702702702703	-0.010210314785254582
6.711711711711712	-0.010143178319040658
6.7207207207207205	-0.010076446672556472
6.72972972972973	-0.010010117525411033
6.738738738738738	-0.009944188543599353
6.747747747747748	-0.00987865738079563
6.756756756756757	-0.00981352167961802
6.7657657657657655	-0.009748779072893399
6.774774774774775	-0.009684427184836863
6.783783783783784	-0.00962046363247282
6.792792792792793	-0.009556886026814482
6.801801801801802	-0.009493691974128637
6.8108108108108105	-0.009430879077143572
6.81981981981982	-0.009368444936441733
6.828828828828829	-0.00930638715168186
6.837837837837838	-0.009244703322778491
6.846846846846847	-0.009183391051237777
6.8558558558558556	-0.009122447941450673
6.864864864864865	-0.009061871601900862
6.873873873873874	-0.009001659646472149
6.882882882882883	-0.008941809695613756
6.891891891891892	-0.008882319377775616
6.900900900900901	-0.008823186330559452
6.90990990990991	-0.00876440820194091
6.918918918918919	-0.008705982651690647
6.927927927927928	-0.008647907352454354
6.936936936936937	-0.008590179991188052
6.945945945945946	-0.008532798270337594
6.954954954954955	-0.008475759909032377
6.963963963963964	-0.008419062644492215
6.972972972972973	-0.008362704233235263
6.981981981981982	-0.008306682452314362
6.990990990990991	-0.008250995100581804
7.0	-0.008195639999982518
7.009009009009009	-0.008140614996904105
7.018018018018018	-0.008085917962830536
7.027027027027027	-0.008031546794427413
7.036036036036036	-0.007977499413314604
7.045045045045045	-0.00792377376534148
7.054054054054054	-0.007870367820530078
7.063063063063063	-0.007817279572392977
7.072072072072072	-0.007764507037677504
7.081081081081081	-0.007712048255896775
7.09009009009009	-0.0076599012889744245
7.099099099099099	-0.0076080642208467
7.108108108108108	-0.007556535156979294
7.117117117117117	-0.007505312224068916
7.126126126126126	-0.007454393569545914
7.135135135135135	-0.007403777361261632
7.1441441441441444	-0.007353461787019455
7.153153153153153	-0.007303445054162694
7.162162162162162	-0.007253725389233523
7.171171171171171	-0.007204301037532446
7.18018018018018	-0.007155170262691968
7.1891891891891895	-0.00710633134637817
7.198198198198198	-0.007057782587708061
7.207207207207207	-0.007009522303007998
7.216216216216216	-0.00696154882533051
7.225225225225225	-0.0069138605040706125
7.2342342342342345	-0.00686645570461053
7.243243243243243	-0.0068193328078081095
7.252252252252252	-0.00677249020969839
7.261261261261262	-0.006725926320967801
7.27027027027027	-0.006679639566755213
7.2792792792792795	-0.006633628386012447
7.288288288288288	-0.006587891231305321
7.297297297297297	-0.006542426568245219
7.306306306306307	-0.006497232875176451
7.315315315315315	-0.006452308642778348
7.324324324324325	-0.006407652373638939
7.333333333333333	-0.006363262581814411
7.342342342342342	-0.00631913779248805
7.351351351351352	-0.006275276541558128
7.36036036036036	-0.006231677375183153
7.36936936936937	-0.0061883388494834435
7.378378378378378	-0.00614525952995848
7.387387387387387	-0.006102437991302168
7.396396396396397	-0.006059872816862821
7.405405405405405	-0.00601756259820263
7.414414414414415	-0.005975505934841863
7.423423423423423	-0.005933701433704641
7.4324324324324325	-0.005892147708934203
7.441441441441442	-0.005850843381111304
7.45045045045045	-0.005809787077325268
7.45945945945946	-0.005768977430321343
7.468468468468468	-0.005728413078429639
7.4774774774774775	-0.005688092664968281
7.486486486486487	-0.005648014838001814
7.495495495495495	-0.005608178249701723
7.504504504504505	-0.005568581556232743
7.513513513513513	-0.00552922341708495
7.5225225225225225	-0.0054901024948748045
7.531531531531532	-0.005451217454805146
7.54054054054054	-0.005412566964309917
7.54954954954955	-0.005374149692713104
7.558558558558558	-0.005335964310660302
7.5675675675675675	-0.005298009489919764
7.576576576576577	-0.00526028390287081
7.585585585585585	-0.0052227862220632915
7.594594594594595	-0.005185515119862316
7.603603603603603	-0.005148469268107192
7.612612612612613	-0.005111647337599834
7.621621621621622	-0.00507504799803371
7.63063063063063	-0.005038669918135952
7.63963963963964	-0.00500251176566735
7.648648648648648	-0.004966572207663944
7.657657657657658	-0.004930849910579127
7.666666666666667	-0.0048953435403973344
7.675675675675675	-0.004860051762804574
7.684684684684685	-0.004824973243401587
7.693693693693693	-0.0047901066475759535
7.702702702702703	-0.004755450641027892
7.711711711711712	-0.004721003889670783
7.7207207207207205	-0.00468676505978749
7.72972972972973	-0.004652732818271943
7.738738738738738	-0.004618905832714404
7.747747747747748	-0.0045852827715009425
7.756756756756757	-0.004551862304126075
7.7657657657657655	-0.004518643101079078
7.774774774774775	-0.004485623834256103
7.783783783783784	-0.004452803176917541
7.792792792792793	-0.00442017980387277
7.801801801801802	-0.004387752391721733
7.8108108108108105	-0.0043555196188691525
7.81981981981982	-0.004323480165723481
7.828828828828829	-0.0042916327148816436
7.837837837837838	-0.00425997595120009
7.846846846846847	-0.00422850856200796
7.8558558558558556	-0.004197229237163924
7.864864864864865	-0.00416613666928356
7.873873873873874	-0.00413522955389567
7.882882882882883	-0.004104506589499124
7.891891891891892	-0.004073966477747604
7.900900900900901	-0.00404360792363434
7.90990990990991	-0.004013429635605803
7.918918918918919	-0.003983430325632753
7.927927927927928	-0.003953608709537093
7.936936936936937	-0.003923963506935024
7.945945945945946	-0.003894493441521263
7.954954954954955	-0.003865197241125884
7.963963963963964	-0.0038360736379559057
7.972972972972973	-0.0038071213686237115
7.981981981981982	-0.003778339174388634
7.990990990990991	-0.003749725801199588
8.0	-0.0037212799999934987
8.00900900900901	-0.0036930005266953003
8.018018018018019	-0.0036648861424311008
8.027027027027026	-0.0036369356136276565
8.036036036036036	-0.0036091477122113247
8.045045045045045	-0.0035815212157075393
8.054054054054054	-0.0035540549074823957
8.063063063063064	-0.0035267475767142287
8.072072072072071	-0.0034995980186778297
8.08108108108108	-0.003472605034829712
8.09009009009009	-0.0034457674329786414
8.0990990990991	-0.003419084027484587
8.108108108108109	-0.0033925536391734568
8.117117117117116	-0.003366175095848689
8.126126126126126	-0.003339947232049667
8.135135135135135	-0.0033138688895490986
8.144144144144144	-0.003287938917182487
8.153153153153154	-0.0032621561712318226
8.162162162162161	-0.0032365195154824278
8.17117117117117	-0.0032110278212797994
8.18018018018018	-0.0031856799678422476
8.18918918918919	-0.003160474842303529
8.198198198198199	-0.003135411339812322
8.207207207207206	-0.0031104883638306546
8.216216216216216	-0.003085704826119695
8.225225225225225	-0.003061059647009756
8.234234234234235	-0.003036551755414507
8.243243243243244	-0.00301218008910098
8.252252252252251	-0.0029879435947606225
8.26126126126126	-0.0029638412282224635
8.27027027027027	-0.0029398719544531104
8.27927927927928	-0.0029160347478836
8.288288288288289	-0.002892328592409399
8.297297297297296	-0.002868752481660408
8.306306306306306	-0.0028453054189867544
8.315315315315315	-0.002821986417785638
8.324324324324325	-0.002798794501302382
8.333333333333334	-0.002775728702644642
8.342342342342342	-0.0027527880648250402
8.35135135135135	-0.0027299716405337904
8.36036036036036	-0.002707278492053433
8.36936936936937	-0.0026847076913156798
8.378378378378379	-0.0026622583197166705
8.387387387387387	-0.0026399294681453966
8.396396396396396	-0.002617720236756327
8.405405405405405	-0.0025956297350830937
8.414414414414415	-0.0025736570817969096
8.423423423423424	-0.0025518014047065662
8.432432432432432	-0.0025300618407442244
8.441441441441441	-0.002508437535780672
8.45045045045045	-0.0024869276446111144
8.45945945945946	-0.0024655313308841187
8.468468468468469	-0.0024442477669595064
8.477477477477477	-0.002423076133979407
8.486486486486486	-0.002402015621626674
8.495495495495495	-0.0023810654281390953
8.504504504504505	-0.002360224760295182
8.513513513513514	-0.002339492833158374
8.522522522522523	-0.0023188688702191484
8.531531531531531	-0.0022983521031534337
8.54054054054054	-0.0022779417718226114
8.54954954954955	-0.0022576371242308824
8.558558558558559	-0.0022374374163263155
8.567567567567568	-0.002217341912071902
8.576576576576576	-0.002197349883346078
8.585585585585585	-0.002177460609701143
8.594594594594595	-0.002157673378562208
8.603603603603604	-0.002137987484914561
8.612612612612613	-0.0021184022313889272
8.621621621621621	-0.0020989169280909437
8.63063063063063	-0.002079530892572734
8.63963963963964	-0.002060243449761856
8.64864864864865	-0.002041053931847614
8.657657657657658	-0.0020219616782100047
8.666666666666666	-0.0020029660354481393
8.675675675675675	-0.0019840663571670802
8.684684684684685	-0.001965262003992052
8.693693693693694	-0.001946552343454755
8.702702702702704	-0.0019279367498938882
8.711711711711711	-0.0019094146044977833
8.72072072072072	-0.0018909852951054518
8.72972972972973	-0.0018726482161781632
8.73873873873874	-0.0018544027687283915
8.747747747747749	-0.0018362483602203383
8.756756756756756	-0.0018181844045983553
8.765765765765765	-0.0018002103220027266
8.774774774774775	-0.0017823255389970427
8.783783783783784	-0.0017645294881560858
8.792792792792794	-0.0017468216082647814
8.801801801801801	-0.0017292013441192466
8.81081081081081	-0.001711668146455736
8.81981981981982	-0.0016942214719080084
8.82882882882883	-0.001676860782893641
8.837837837837839	-0.0016595855476140287
8.846846846846846	-0.0016423952398980646
8.855855855855856	-0.0016252893391452972
8.864864864864865	-0.0016082673303259298
8.873873873873874	-0.00159132870379608
8.882882882882884	-0.0015744729552977788
8.891891891891891	-0.001557699585902128
8.9009009009009	-0.0015410081018245592
8.90990990990991	-0.0015243980144958869
8.91891891891892	-0.001507868840349147
8.927927927927929	-0.0014914201008906502
8.936936936936936	-0.0014750513225152417
8.945945945945946	-0.0014587620364210352
8.954954954954955	-0.0014425517786520459
8.963963963963964	-0.0014264200899134494
8.972972972972974	-0.0014103665155573708
8.981981981981981	-0.001394390605469198
8.99099099099099	-0.0013784919140249485
9.0	-0.0013626700000202163
9.00900900900901	-0.0013469244265706948
9.018018018018019	-0.001331254761026912
9.027027027027026	-0.0013156605749315986
9.036036036036036	-0.001300141443991265
9.045045045045045	-0.00128469694786304
9.054054054054054	-0.0012693266702825667
9.063063063063064	-0.0012540301986945224
9.072072072072071	-0.0012388071245226229
9.08108108108108	-0.0012236570428996174
9.09009009009009	-0.0012085795525678122
9.0990990990991	-0.0011935742558648599
9.108108108108109	-0.001178640758723759
9.117117117117116	-0.0011637786704312703
9.126126126126126	-0.0011489876037131808
9.135135135135135	-0.0011342671745637745
9.144144144144144	-0.0011196170021747776
9.153153153153154	-0.0011050367089637803
9.162162162162161	-0.0010905259203042306
9.17117117117117	-0.0010760842647243862
9.18018018018018	-0.0010617113735236217
9.18918918918919	-0.001047406880957169
9.198198198198199	-0.0010331704240513773
9.207207207207206	-0.0010190016424616033
9.216216216216216	-0.00100490017860011
9.225225225225225	-0.000990865677323427
9.234234234234235	-0.0009768977860176165
9.243243243243244	-0.0009629961544845855
9.252252252252251	-0.0009491604348710325
9.26126126126126	-0.000935390281540549
9.27027027027027	-0.0009216853511020417
9.27927927927928	-0.0009080453022249912
9.288288288288289	-0.0008944697957105063
9.297297297297296	-0.0008809584941502635
9.306306306306306	-0.0008675110622391458
9.315315315315315	-0.0008541271663347061
9.324324324324325	-0.0008408064746845412
9.333333333333334	-0.0008275486572841828
9.342342342342342	-0.0008143533859339414
9.35135135135135	-0.0008012203341252189
9.36036036036036	-0.0007881491772110394
9.36936936936937	-0.0007751395922355186
9.378378378378379	-0.000762191257948075
9.387387387387387	-0.0007493038549739595
9.396396396396396	-0.0007364770655584607
9.405405405405405	-0.0007237105736948024
9.414414414414415	-0.0007110040650530891
9.423423423423424	-0.0006983572270939931
9.432432432432432	-0.0006857697489550674
9.441441441441441	-0.0006732413213654809
9.45045045045045	-0.0006607716369018135
9.45945945945946	-0.0006483603896896284
9.468468468468469	-0.000636007275574002
9.477477477477477	-0.0006237119920768919
9.486486486486486	-0.0006114742383260818
9.495495495495495	-0.0005992937151120259
9.504504504504505	-0.0005871701249446915
9.513513513513514	-0.0005751031718261856
9.522522522522523	-0.0005630925614639182
9.531531531531531	-0.000551138001199547
9.54054054054054	-0.0005392391999379242
9.54954954954955	-0.0005273958682039392
9.558558558558559	-0.0005156077180714647
9.567567567567568	-0.0005038744632770431
9.576576576576576	-0.0004921958191204112
9.585585585585585	-0.00048057150239344537
9.594594594594595	-0.00046900123155069195
9.603603603603604	-0.0004574847265104154
9.612612612612613	-0.0004460217088109175
9.621621621621621	-0.0004346119015252725
9.63063063063063	-0.00042325502916185087
9.63963963963964	-0.0004119508179485365
9.64864864864865	-0.0004006989953637685
9.657657657657658	-0.0003894992906623429
9.666666666666666	-0.0003783514344206651
9.675675675675675	-0.00036725515876412373
9.684684684684685	-0.000356210197324458
9.693693693693694	-0.0003452162852255469
9.702702702702704	-0.00033427315895551146
9.711711711711711	-0.0003233805565940884
9.72072072072072	-0.000312538217627889
9.72972972972973	-0.0003017458829503994
9.73873873873874	-0.00029100329496145605
9.747747747747749	-0.00028031019748198105
9.756756756756756	-0.00026966633571134935
9.765765765765765	-0.0002590714562984431
9.774774774774775	-0.000248525307299019
9.783783783783784	-0.00023802763818991934
9.792792792792794	-0.00022757819981222838
9.801801801801801	-0.00021717674442811585
9.81081081081081	-0.00020682302560715016
9.81981981981982	-0.00019651679841103942
9.82882882882883	-0.00018625781913783612
9.837837837837839	-0.0001760458455493108
9.846846846846846	-0.0001658806366862109
9.855855855855856	-0.0001557619529251042
9.864864864864865	-0.00014568955603522227
9.873873873873874	-0.0001356632090931953
9.882882882882884	-0.00012568267641199782
9.891891891891891	-0.00011574772376832243
9.9009009009009	-0.00010585811811836265
9.90990990990991	-9.601362775413236e-5
9.91891891891892	-8.621402226083319e-5
9.927927927927929	-7.645907250264372e-5
9.936936936936936	-6.674855056587603e-5
9.945945945945946	-5.708222990108425e-5
9.954954954954955	-4.74598851525343e-5
9.963963963963964	-3.788129222925818e-5
9.972972972972974	-2.8346228233999682e-5
9.981981981981981	-1.8854471605322942e-5
9.99099099099099	-9.405801918660472e-6
10.0	0.0
